N=70,D=9
23 12 151 954 0.143 0.278 0.242 0.079 1
9 13 133 1326 0.143 0.079 0.181 0.057 0
21 27 130 1203 0.125 0.16 0.207 0.06 1
14 16 78 386 0.07 0.284 0.26 0.097 1
9 19 135 1297 0.141 0.133 0.181 0.059 1
25 25 83 477 0.128 0.17 0.209 0.076 0
16 26 120 1040 0.095 0.109 0.179 0.057 1
15 18 90 578 0.119 0.165 0.22 0.075 1
19 24 88 520 0.127 0.193 0.235 0.074 1
25 11 84 476 0.119 0.24 0.203 0.082 1
24 21 103 798 0.082 0.067 0.153 0.057 1
17 15 104 781 0.097 0.129 0.184 0.061 1
14 15 132 1123 0.097 0.246 0.24 0.078 0
12 22 104 783 0.084 0.1 0.185 0.053 1
12 13 94 578 0.113 0.229 0.207 0.077 1
22 19 97 659 0.114 0.16 0.23 0.071 1
10 16 95 685 0.099 0.072 0.159 0.059 1
15 14 108 799 0.117 0.202 0.216 0.074 1
20 14 130 1260 0.098 0.103 0.158 0.054 1
17 11 87 566 0.098 0.081 0.189 0.058 0
16 14 86 520 0.108 0.127 0.197 0.068 0
17 24 60 274 0.102 0.065 0.182 0.069 0
20 27 103 704 0.107 0.214 0.252 0.07 1
19 12 137 1404 0.094 0.102 0.177 0.053 1
9 13 110 905 0.112 0.146 0.2 0.063 1
19 27 116 913 0.119 0.228 0.304 0.074 1
10 24 97 645 0.105 0.187 0.225 0.069 1
16 24 122 1094 0.094 0.107 0.17 0.057 1
15 15 102 732 0.108 0.17 0.193 0.065 1
11 16 115 955 0.098 0.116 0.174 0.061 1
11 22 125 1088 0.106 0.189 0.218 0.062 1
23 26 78 441 0.111 0.152 0.23 0.078 1
20 18 113 899 0.12 0.15 0.225 0.064 1
11 21 128 1162 0.094 0.172 0.185 0.063 1
16 23 107 807 0.104 0.156 0.2 0.065 1
10 13 110 870 0.096 0.134 0.19 0.057 1
18 12 94 633 0.098 0.11 0.189 0.061 1
21 11 83 524 0.09 0.038 0.147 0.059 0
11 15 96 699 0.094 0.051 0.157 0.055 1
10 14 88 559 0.102 0.126 0.172 0.064 1
24 16 86 563 0.082 0.06 0.178 0.056 1
19 27 72 371 0.123 0.122 0.19 0.069 1
11 11 128 1104 0.091 0.219 0.231 0.063 1
15 21 87 545 0.104 0.144 0.197 0.068 1
10 15 85 532 0.097 0.105 0.175 0.062 1
18 11 124 1076 0.11 0.169 0.191 0.06 1
22 12 52 202 0.086 0.059 0.177 0.065 0
20 14 86 535 0.116 0.123 0.213 0.068 1
20 21 78 449 0.103 0.091 0.168 0.06 0
25 11 87 561 0.088 0.077 0.181 0.057 0
19 25 75 428 0.086 0.05 0.15 0.059 0
19 22 87 572 0.077 0.061 0.135 0.06 0
25 15 76 438 0.083 0.048 0.187 0.061 0
14 26 120 1033 0.115 0.149 0.209 0.063 1
18 25 97 713 0.091 0.071 0.162 0.057 1
18 13 73 409 0.095 0.055 0.192 0.059 0
10 19 126 1152 0.105 0.127 0.192 0.06 1
17 20 96 657 0.114 0.137 0.203 0.068 1
22 15 83 527 0.081 0.038 0.182 0.055 0
23 26 54 225 0.098 0.053 0.168 0.072 0
15 18 65 312 0.113 0.081 0.274 0.07 0
25 15 55 222 0.124 0.09 0.183 0.068 0
12 22 96 646 0.105 0.201 0.195 0.073 1
24 17 59 261 0.077 0.088 0.234 0.07 0
16 19 83 499 0.112 0.126 0.191 0.066 1
11 21 97 668 0.117 0.148 0.195 0.067 1
12 13 60 269 0.104 0.078 0.172 0.069 0
18 12 72 394 0.081 0.047 0.152 0.057 0
16 17 59 251 0.107 0.141 0.211 0.08 0
17 21 81 503 0.098 0.052 0.159 0.057 0